# x_unit = eV
# x_label = photon energy
# y_label = absorbance
energy_eV absorbance
1.15000 0.00950000
1.15600 0.00951500
1.16200 0.00953000
1.16800 0.00954500
1.17400 0.00956000
1.18000 0.00957500
1.18600 0.00959000
1.19200 0.00960500
1.19800 0.00962000
1.20400 0.00963500
1.21000 0.00965000
1.21600 0.00966500
1.22200 0.00968000
1.22800 0.00969500
1.23400 0.00971000
1.24000 0.00972500
1.24600 0.00974000
1.25200 0.00975500
1.25800 0.00977000
1.26400 0.00978500
1.27000 0.00980000
1.27600 0.00981500
1.28200 0.00983000
1.28800 0.00984500
1.29400 0.00986000
1.30000 0.00987500
1.30600 0.00989000
1.31200 0.00990500
1.31800 0.00992000
1.32400 0.00993500
1.33000 0.00995000
1.33600 0.00996500
1.34200 0.00998000
1.34800 0.00999500
1.35400 0.01001000
1.36000 0.01002500
1.36600 0.01004000
1.37200 0.01005500
1.37800 0.01007000
1.38400 0.01008500
1.39000 0.01010000
1.39600 0.01011500
1.40200 0.01013000
1.40800 0.01014500
1.41400 0.01016000
1.42000 0.01017500
1.42600 0.01019000
1.43200 0.01020500
1.43800 0.01022000
1.44400 0.01023500
1.45000 0.01025000
1.45600 0.01026500
1.46200 0.01028000
1.46800 0.01029500
1.47400 0.01031000
1.48000 0.01032500
1.48600 0.01034000
1.49200 0.01035500
1.49800 0.01037000
1.50400 0.01038500
1.51000 0.01040000
1.51600 0.01041500
1.52200 0.01043000
1.52800 0.01044500
1.53400 0.01046000
1.54000 0.01047500
1.54600 0.01049000
1.55200 0.01050500
1.55800 0.01052000
1.56400 0.01053500
1.57000 0.01055000
1.57600 0.01056500
1.58200 0.01058000
1.58800 0.01059500
1.59400 0.01061000
1.60000 0.01062500
1.60600 0.01064000
1.61200 0.01065500
1.61800 0.01067000
1.62400 0.01068500
1.63000 0.01070000
1.63600 0.01071500
1.64200 0.01073000
1.64800 0.01074500
1.65400 0.01076000
1.66000 0.01077500
1.66600 0.01079000
1.67200 0.01080500
1.67800 0.01082000
1.68400 0.01083500
1.69000 0.01085000
1.69600 0.01086500
1.70200 0.01088000
1.70800 0.01089500
1.71400 0.01091000
1.72000 0.01092500
1.72600 0.01094000
1.73200 0.01095500
1.73800 0.01097000
1.74400 0.01098500
1.75000 0.01100000
1.75600 0.01101500
1.76200 0.01103000
1.76800 0.01104500
1.77400 0.01106000
1.78000 0.01107500
1.78600 0.01109000
1.79200 0.01110500
1.79800 0.01112000
1.80400 0.01113500
1.81000 0.01115000
1.81600 0.01116500
1.82200 0.01118000
1.82800 0.01119500
1.83400 0.01121000
1.84000 0.01122500
1.84600 0.01124000
1.85200 0.01125500
1.85800 0.01127000
1.86400 0.01128500
1.87000 0.01130000
1.87600 0.01131500
1.88200 0.01133000
1.88800 0.01134500
1.89400 0.01136000
1.90000 0.01137500
1.90600 0.01139000
1.91200 0.01140500
1.91800 0.01142000
1.92400 0.01143500
1.93000 0.01145000
1.93600 0.01146500
1.94200 0.01148000
1.94800 0.01149500
1.95400 0.01151000
1.96000 0.01152500
1.96600 0.01154000
1.97200 0.01155500
1.97800 0.01157000
1.98400 0.01158500
1.99000 0.01160000
1.99600 0.01161500
2.00200 0.01163000
2.00800 0.01164500
2.01400 0.01166000
2.02000 0.01167500
2.02600 0.01169000
2.03200 0.01170500
2.03800 0.01172000
2.04400 0.01173500
2.05000 0.01175000
2.05600 0.04793994
2.06200 0.06340537
2.06800 0.07517125
2.07400 0.08500592
2.08000 0.09359667
2.08600 0.10129717
2.09200 0.10831820
2.09800 0.11479756
2.10400 0.12083129
2.11000 0.12648956
2.11600 0.13182552
2.12200 0.13688059
2.12800 0.14168786
2.13400 0.14627422
2.14000 0.15066192
2.14600 0.15486962
2.15200 0.15891317
2.15800 0.16280616
2.16400 0.16656035
2.17000 0.17018602
2.17600 0.17369220
2.18200 0.17708689
2.18800 0.18037723
2.19400 0.18356958
2.20000 0.18666970
2.20600 0.18968277
2.21200 0.19261352
2.21800 0.19546623
2.22400 0.19824484
2.23000 0.20095295
2.23600 0.20359389
2.24200 0.20617071
2.24800 0.20868625
2.25400 0.21114316
2.26000 0.21354387
2.26600 0.21589066
2.27200 0.21818568
2.27800 0.22043092
2.28400 0.22262825
2.29000 0.22477943
2.29600 0.22688613
2.30200 0.22894990
2.30800 0.23097225
2.31400 0.23295456
2.32000 0.23489817
2.32600 0.23680438
2.33200 0.23867438
2.33800 0.24050937
2.34400 0.24231048
2.35000 0.24407881
2.35600 0.24581545
2.36200 0.24752147
2.36800 0.24919795
2.37400 0.25084598
2.38000 0.25246666
2.38600 0.25406116
2.39200 0.25563070
2.39800 0.25717659
2.40400 0.25870023
2.41000 0.26020319
2.41600 0.26168718
2.42200 0.26315413
2.42800 0.26460618
2.43400 0.26604579
2.44000 0.26747571
2.44600 0.26889905
2.45200 0.27031936
2.45800 0.27174059
2.46400 0.27316723
2.47000 0.27460427
2.47600 0.27605727
2.48200 0.27753236
2.48800 0.27903627
2.49400 0.28057630
2.50000 0.28216034
2.50600 0.28379677
2.51200 0.28549443
2.51800 0.28726253
2.52400 0.28911052
2.53000 0.29104793
2.53600 0.29308421
2.54200 0.29522848
2.54800 0.29748936
2.55400 0.29987463
2.56000 0.30239102
2.56600 0.30504383
2.57200 0.30783671
2.57800 0.31077127
2.58400 0.31384686
2.59000 0.31706026
2.59600 0.32040541
2.60200 0.32387331
2.60800 0.32745177
2.61400 0.33112543
2.62000 0.33487570
2.62600 0.33868089
2.63200 0.34251637
2.63800 0.34635484
2.64400 0.35016670
2.65000 0.35392046
2.65600 0.35758332
2.66200 0.36112171
2.66800 0.36450196
2.67400 0.36769100
2.68000 0.37065704
2.68600 0.37337027
2.69200 0.37580356
2.69800 0.37793307
2.70400 0.37973886
2.71000 0.38120532
2.71600 0.38232160
2.72200 0.38308187
2.72800 0.38348546
2.73400 0.38353689
2.74000 0.38324579
2.74600 0.38262660
2.75200 0.38169832
2.75800 0.38048397
2.76400 0.37901010
2.77000 0.37730617
2.77600 0.37540385
2.78200 0.37333638
2.78800 0.37113786
2.79400 0.36884250
2.80000 0.36648403
2.80600 0.36409507
2.81200 0.36170657
2.81800 0.35934736
2.82400 0.35704376
2.83000 0.35481926
2.83600 0.35269436
2.84200 0.35068643
2.84800 0.34880969
2.85400 0.34707526
2.86000 0.34549124
2.86600 0.34406298
2.87200 0.34279322
2.87800 0.34168239
2.88400 0.34072890
2.89000 0.33992946
2.89600 0.33927933
2.90200 0.33877270
2.90800 0.33840292
2.91400 0.33816277
2.92000 0.33804476
2.92600 0.33804126
2.93200 0.33814476
2.93800 0.33834797
2.94400 0.33864398
2.95000 0.33902633
2.95600 0.33948906
2.96200 0.34002678
2.96800 0.34063467
2.97400 0.34130844
2.98000 0.34204438
2.98600 0.34283925
2.99200 0.34369028
2.99800 0.34459508
3.00400 0.34555161
3.01000 0.34655808
3.01600 0.34761293
3.02200 0.34871472
3.02800 0.34986209
3.03400 0.35105366
3.04000 0.35228805
3.04600 0.35356375
3.05200 0.35487910
3.05800 0.35623225
3.06400 0.35762111
3.07000 0.35904334
3.07600 0.36049629
3.08200 0.36197703
3.08800 0.36348227
3.09400 0.36500843
3.10000 0.36655157
3.10600 0.36810742
3.11200 0.36967144
3.11800 0.37123873
3.12400 0.37280416
3.13000 0.37436233
3.13600 0.37590764
3.14200 0.37743430
3.14800 0.37893638
3.15400 0.38040786
3.16000 0.38184269
3.16600 0.38323481
3.17200 0.38457822
3.17800 0.38586703
3.18400 0.38709551
3.19000 0.38825818
3.19600 0.38934980
3.20200 0.39036546
3.20800 0.39130063
3.21400 0.39215120
3.22000 0.39291352
3.22600 0.39358442
3.23200 0.39416129
3.23800 0.39464207
3.24400 0.39502528
3.25000 0.39531004
3.25600 0.39549606
3.26200 0.39558370
3.26800 0.39557389
3.27400 0.39546818
3.28000 0.39526870
3.28600 0.39497813
3.29200 0.39459968
3.29800 0.39413708
3.30400 0.39359450
3.31000 0.39297654
3.31600 0.39228818
3.32200 0.39153469
3.32800 0.39072165
3.33400 0.38985484
3.34000 0.38894022
3.34600 0.38798383
3.35200 0.38699180
3.35800 0.38597025
3.36400 0.38492526
3.37000 0.38386279
3.37600 0.38278869
3.38200 0.38170860
3.38800 0.38062796
3.39400 0.37955193
3.40000 0.37848539
3.40600 0.37743291
3.41200 0.37639871
3.41800 0.37538667
3.42400 0.37440030
3.43000 0.37344272
3.43600 0.37251669
3.44200 0.37162459
3.44800 0.37076843
3.45400 0.36994983
3.46000 0.36917009
3.46600 0.36843015
3.47200 0.36773063
3.47800 0.36707184
3.48400 0.36645381
3.49000 0.36587632
3.49600 0.36533888
3.50200 0.36484082
3.50800 0.36438123
3.51400 0.36395908
3.52000 0.36357316
3.52600 0.36322215
3.53200 0.36290463
3.53800 0.36261909
3.54400 0.36236398
3.55000 0.36213767
3.55600 0.36193854
3.56200 0.36176496
3.56800 0.36161529
3.57400 0.36148790
3.58000 0.36138122
3.58600 0.36129370
3.59200 0.36122383
3.59800 0.36117017
3.60400 0.36113133
3.61000 0.36110599
3.61600 0.36109290
3.62200 0.36109086
3.62800 0.36109876
3.63400 0.36111557
3.64000 0.36114030
3.64600 0.36117204
3.65200 0.36120997
3.65800 0.36125331
3.66400 0.36130135
3.67000 0.36135345
3.67600 0.36140902
3.68200 0.36146752
3.68800 0.36152846
3.69400 0.36159142
3.70000 0.36165599
3.70600 0.36172182
3.71200 0.36178862
3.71800 0.36185609
3.72400 0.36192398
3.73000 0.36199210
3.73600 0.36206023
3.74200 0.36212822
3.74800 0.36219592
3.75400 0.36226320
3.76000 0.36232996
3.76600 0.36239611
3.77200 0.36246155
3.77800 0.36252623
3.78400 0.36259009
