# x_unit = eV
# x_label = binding energy
# y_label = counts
binding_energy_eV intensity
1200.00 0.04760000
1199.50 0.04759100
1199.00 0.04758200
1198.50 0.04757300
1198.00 0.04756400
1197.50 0.04755500
1197.00 0.04754600
1196.50 0.04753700
1196.00 0.04752800
1195.50 0.04751900
1195.00 0.04751000
1194.50 0.04750100
1194.00 0.04749200
1193.50 0.04748300
1193.00 0.04747400
1192.50 0.04746500
1192.00 0.04745600
1191.50 0.04744700
1191.00 0.04743800
1190.50 0.04742900
1190.00 0.04742000
1189.50 0.04741100
1189.00 0.04740200
1188.50 0.04739300
1188.00 0.04738400
1187.50 0.04737500
1187.00 0.04736600
1186.50 0.04735700
1186.00 0.04734800
1185.50 0.04733900
1185.00 0.04733000
1184.50 0.04732100
1184.00 0.04731200
1183.50 0.04730300
1183.00 0.04729400
1182.50 0.04728500
1182.00 0.04727600
1181.50 0.04726700
1181.00 0.04725800
1180.50 0.04724900
1180.00 0.04724000
1179.50 0.04723100
1179.00 0.04722200
1178.50 0.04721300
1178.00 0.04720400
1177.50 0.04719500
1177.00 0.04718600
1176.50 0.04717700
1176.00 0.04716800
1175.50 0.04715900
1175.00 0.04715000
1174.50 0.04714100
1174.00 0.04713200
1173.50 0.04712300
1173.00 0.04711400
1172.50 0.04710500
1172.00 0.04709600
1171.50 0.04708700
1171.00 0.04707800
1170.50 0.04706900
1170.00 0.04706000
1169.50 0.04705100
1169.00 0.04704200
1168.50 0.04703300
1168.00 0.04702400
1167.50 0.04701500
1167.00 0.04700600
1166.50 0.04699700
1166.00 0.04698800
1165.50 0.04697900
1165.00 0.04697000
1164.50 0.04696100
1164.00 0.04695200
1163.50 0.04694300
1163.00 0.04693400
1162.50 0.04692500
1162.00 0.04691600
1161.50 0.04690700
1161.00 0.04689800
1160.50 0.04688900
1160.00 0.04688000
1159.50 0.04687100
1159.00 0.04686200
1158.50 0.04685300
1158.00 0.04684400
1157.50 0.04683500
1157.00 0.04682600
1156.50 0.04681700
1156.00 0.04680800
1155.50 0.04679900
1155.00 0.04679000
1154.50 0.04678100
1154.00 0.04677200
1153.50 0.04676300
1153.00 0.04675400
1152.50 0.04674500
1152.00 0.04673600
1151.50 0.04672700
1151.00 0.04671800
1150.50 0.04670900
1150.00 0.04670000
1149.50 0.04669100
1149.00 0.04668200
1148.50 0.04667300
1148.00 0.04666400
1147.50 0.04665500
1147.00 0.04664600
1146.50 0.04663700
1146.00 0.04662800
1145.50 0.04661900
1145.00 0.04661000
1144.50 0.04660100
1144.00 0.04659200
1143.50 0.04658300
1143.00 0.04657400
1142.50 0.04656500
1142.00 0.04655600
1141.50 0.04654700
1141.00 0.04653800
1140.50 0.04652900
1140.00 0.04652000
1139.50 0.04651100
1139.00 0.04650200
1138.50 0.04649300
1138.00 0.04648400
1137.50 0.04647500
1137.00 0.04646600
1136.50 0.04645700
1136.00 0.04644800
1135.50 0.04643900
1135.00 0.04643000
1134.50 0.04642100
1134.00 0.04641200
1133.50 0.04640300
1133.00 0.04639400
1132.50 0.04638500
1132.00 0.04637600
1131.50 0.04636700
1131.00 0.04635800
1130.50 0.04634900
1130.00 0.04634000
1129.50 0.04633100
1129.00 0.04632200
1128.50 0.04631300
1128.00 0.04630400
1127.50 0.04629500
1127.00 0.04628600
1126.50 0.04627700
1126.00 0.04626800
1125.50 0.04625900
1125.00 0.04625000
1124.50 0.04624100
1124.00 0.04623200
1123.50 0.04622300
1123.00 0.04621400
1122.50 0.04620500
1122.00 0.04619600
1121.50 0.04618700
1121.00 0.04617800
1120.50 0.04616900
1120.00 0.04616000
1119.50 0.04615100
1119.00 0.04614200
1118.50 0.04613300
1118.00 0.04612400
1117.50 0.04611500
1117.00 0.04610600
1116.50 0.04609700
1116.00 0.04608800
1115.50 0.04607900
1115.00 0.04607000
1114.50 0.04606100
1114.00 0.04605200
1113.50 0.04604300
1113.00 0.04603400
1112.50 0.04602500
1112.00 0.04601600
1111.50 0.04600700
1111.00 0.04599800
1110.50 0.04598900
1110.00 0.04598000
1109.50 0.04597100
1109.00 0.04596200
1108.50 0.04595300
1108.00 0.04594400
1107.50 0.04593500
1107.00 0.04592600
1106.50 0.04591700
1106.00 0.04590800
1105.50 0.04589900
1105.00 0.04589000
1104.50 0.04588100
1104.00 0.04587200
1103.50 0.04586300
1103.00 0.04585400
1102.50 0.04584500
1102.00 0.04583600
1101.50 0.04582700
1101.00 0.04581800
1100.50 0.04580900
1100.00 0.04580000
1099.50 0.04579100
1099.00 0.04578200
1098.50 0.04577300
1098.00 0.04576400
1097.50 0.04575500
1097.00 0.04574600
1096.50 0.04573700
1096.00 0.04572800
1095.50 0.04571900
1095.00 0.04571000
1094.50 0.04570100
1094.00 0.04569200
1093.50 0.04568300
1093.00 0.04567400
1092.50 0.04566500
1092.00 0.04565600
1091.50 0.04564700
1091.00 0.04563800
1090.50 0.04562900
1090.00 0.04562000
1089.50 0.04561100
1089.00 0.04560200
1088.50 0.04559300
1088.00 0.04558400
1087.50 0.04557500
1087.00 0.04556600
1086.50 0.04555700
1086.00 0.04554800
1085.50 0.04553900
1085.00 0.04553000
1084.50 0.04552100
1084.00 0.04551200
1083.50 0.04550300
1083.00 0.04549400
1082.50 0.04548500
1082.00 0.04547600
1081.50 0.04546700
1081.00 0.04545800
1080.50 0.04544900
1080.00 0.04544000
1079.50 0.04543100
1079.00 0.04542200
1078.50 0.04541300
1078.00 0.04540400
1077.50 0.04539500
1077.00 0.04538600
1076.50 0.04537700
1076.00 0.04536800
1075.50 0.04535900
1075.00 0.04535000
1074.50 0.04534100
1074.00 0.04533200
1073.50 0.04532300
1073.00 0.04531400
1072.50 0.04530500
1072.00 0.04529600
1071.50 0.04528700
1071.00 0.04527800
1070.50 0.04526900
1070.00 0.04526000
1069.50 0.04525100
1069.00 0.04524200
1068.50 0.04523300
1068.00 0.04522400
1067.50 0.04521500
1067.00 0.04520600
1066.50 0.04519700
1066.00 0.04518800
1065.50 0.04517900
1065.00 0.04517000
1064.50 0.04516100
1064.00 0.04515200
1063.50 0.04514300
1063.00 0.04513400
1062.50 0.04512500
1062.00 0.04511600
1061.50 0.04510700
1061.00 0.04509800
1060.50 0.04508900
1060.00 0.04508000
1059.50 0.04507100
1059.00 0.04506200
1058.50 0.04505300
1058.00 0.04504400
1057.50 0.04503500
1057.00 0.04502600
1056.50 0.04501700
1056.00 0.04500800
1055.50 0.04499900
1055.00 0.04499000
1054.50 0.04498100
1054.00 0.04497200
1053.50 0.04496300
1053.00 0.04495400
1052.50 0.04494500
1052.00 0.04493600
1051.50 0.04492700
1051.00 0.04491800
1050.50 0.04490900
1050.00 0.04490000
1049.50 0.04489100
1049.00 0.04488200
1048.50 0.04487300
1048.00 0.04486400
1047.50 0.04485500
1047.00 0.04484600
1046.50 0.04483700
1046.00 0.04482800
1045.50 0.04481900
1045.00 0.04481000
1044.50 0.04480100
1044.00 0.04479200
1043.50 0.04478300
1043.00 0.04477400
1042.50 0.04476500
1042.00 0.04475600
1041.50 0.04474700
1041.00 0.04473800
1040.50 0.04472900
1040.00 0.04472000
1039.50 0.04471100
1039.00 0.04470200
1038.50 0.04469300
1038.00 0.04468400
1037.50 0.04467500
1037.00 0.04466600
1036.50 0.04465700
1036.00 0.04464800
1035.50 0.04463900
1035.00 0.04463000
1034.50 0.04462100
1034.00 0.04461200
1033.50 0.04460300
1033.00 0.04459400
1032.50 0.04458500
1032.00 0.04457600
1031.50 0.04456700
1031.00 0.04455800
1030.50 0.04454900
1030.00 0.04454000
1029.50 0.04453100
1029.00 0.04452200
1028.50 0.04451300
1028.00 0.04450400
1027.50 0.04449500
1027.00 0.04448600
1026.50 0.04447700
1026.00 0.04446800
1025.50 0.04445900
1025.00 0.04445000
1024.50 0.04444100
1024.00 0.04443200
1023.50 0.04442300
1023.00 0.04441400
1022.50 0.04440500
1022.00 0.04439600
1021.50 0.04438700
1021.00 0.04437800
1020.50 0.04436900
1020.00 0.04436000
1019.50 0.04435100
1019.00 0.04434200
1018.50 0.04433300
1018.00 0.04432400
1017.50 0.04431500
1017.00 0.04430600
1016.50 0.04429700
1016.00 0.04428800
1015.50 0.04427900
1015.00 0.04427000
1014.50 0.04426100
1014.00 0.04425200
1013.50 0.04424300
1013.00 0.04423400
1012.50 0.04422500
1012.00 0.04421600
1011.50 0.04420700
1011.00 0.04419800
1010.50 0.04418900
1010.00 0.04418000
1009.50 0.04417100
1009.00 0.04416200
1008.50 0.04415300
1008.00 0.04414400
1007.50 0.04413500
1007.00 0.04412600
1006.50 0.04411700
1006.00 0.04410800
1005.50 0.04409900
1005.00 0.04409000
1004.50 0.04408100
1004.00 0.04407200
1003.50 0.04406300
1003.00 0.04405400
1002.50 0.04404500
1002.00 0.04403600
1001.50 0.04402700
1001.00 0.04401800
1000.50 0.04400900
1000.00 0.04400000
999.50 0.04399100
999.00 0.04398200
998.50 0.04397300
998.00 0.04396400
997.50 0.04395500
997.00 0.04394600
996.50 0.04393700
996.00 0.04392800
995.50 0.04391900
995.00 0.04391000
994.50 0.04390100
994.00 0.04389200
993.50 0.04388300
993.00 0.04387400
992.50 0.04386500
992.00 0.04385600
991.50 0.04384700
991.00 0.04383800
990.50 0.04382900
990.00 0.04382000
989.50 0.04381100
989.00 0.04380200
988.50 0.04379300
988.00 0.04378400
987.50 0.04377500
987.00 0.04376600
986.50 0.04375700
986.00 0.04374800
985.50 0.04373900
985.00 0.04373000
984.50 0.04372100
984.00 0.04371200
983.50 0.04370300
983.00 0.04369400
982.50 0.04368500
982.00 0.04367600
981.50 0.04366700
981.00 0.04365800
980.50 0.04364900
980.00 0.04364000
979.50 0.04363100
979.00 0.04362200
978.50 0.04361300
978.00 0.04360400
977.50 0.04359500
977.00 0.04358600
976.50 0.04357700
976.00 0.04356800
975.50 0.04355900
975.00 0.04355000
974.50 0.04354100
974.00 0.04353200
973.50 0.04352300
973.00 0.04351400
972.50 0.04350500
972.00 0.04349600
971.50 0.04348700
971.00 0.04347800
970.50 0.04346900
970.00 0.04346000
969.50 0.04345100
969.00 0.04344200
968.50 0.04343300
968.00 0.04342400
967.50 0.04341500
967.00 0.04340600
966.50 0.04339700
966.00 0.04338800
965.50 0.04337900
965.00 0.04337000
964.50 0.04336100
964.00 0.04335200
963.50 0.04334300
963.00 0.04333400
962.50 0.04332500
962.00 0.04331600
961.50 0.04330700
961.00 0.04329800
960.50 0.04328900
960.00 0.04328000
959.50 0.04327100
959.00 0.04326200
958.50 0.04325300
958.00 0.04324400
957.50 0.04323500
957.00 0.04322600
956.50 0.04321700
956.00 0.04320800
955.50 0.04319900
955.00 0.04319000
954.50 0.04318100
954.00 0.04317200
953.50 0.04316300
953.00 0.04315400
952.50 0.04314500
952.00 0.04313600
951.50 0.04312700
951.00 0.04311800
950.50 0.04310900
950.00 0.04310000
949.50 0.04309100
949.00 0.04308200
948.50 0.04307300
948.00 0.04306400
947.50 0.04305500
947.00 0.04304600
946.50 0.04303700
946.00 0.04302800
945.50 0.04301900
945.00 0.04301000
944.50 0.04300100
944.00 0.04299200
943.50 0.04298300
943.00 0.04297400
942.50 0.04296500
942.00 0.04295600
941.50 0.04294700
941.00 0.04293800
940.50 0.04292900
940.00 0.04292000
939.50 0.04291100
939.00 0.04290200
938.50 0.04289300
938.00 0.04288400
937.50 0.04287500
937.00 0.04286600
936.50 0.04285700
936.00 0.04284800
935.50 0.04283900
935.00 0.04283000
934.50 0.04282100
934.00 0.04281200
933.50 0.04280300
933.00 0.04279400
932.50 0.04278500
932.00 0.04277600
931.50 0.04276700
931.00 0.04275800
930.50 0.04274900
930.00 0.04274000
929.50 0.04273100
929.00 0.04272200
928.50 0.04271300
928.00 0.04270400
927.50 0.04269500
927.00 0.04268600
926.50 0.04267700
926.00 0.04266800
925.50 0.04265900
925.00 0.04265000
924.50 0.04264100
924.00 0.04263200
923.50 0.04262300
923.00 0.04261400
922.50 0.04260500
922.00 0.04259600
921.50 0.04258700
921.00 0.04257800
920.50 0.04256900
920.00 0.04256000
919.50 0.04255100
919.00 0.04254200
918.50 0.04253300
918.00 0.04252400
917.50 0.04251500
917.00 0.04250600
916.50 0.04249700
916.00 0.04248800
915.50 0.04247900
915.00 0.04247000
914.50 0.04246100
914.00 0.04245200
913.50 0.04244300
913.00 0.04243400
912.50 0.04242500
912.00 0.04241600
911.50 0.04240700
911.00 0.04239800
910.50 0.04238900
910.00 0.04238000
909.50 0.04237100
909.00 0.04236200
908.50 0.04235300
908.00 0.04234400
907.50 0.04233500
907.00 0.04232600
906.50 0.04231700
906.00 0.04230800
905.50 0.04229900
905.00 0.04229000
904.50 0.04228100
904.00 0.04227200
903.50 0.04226300
903.00 0.04225400
902.50 0.04224500
902.00 0.04223600
901.50 0.04222700
901.00 0.04221800
900.50 0.04220900
900.00 0.04220000
899.50 0.04219100
899.00 0.04218200
898.50 0.04217300
898.00 0.04216400
897.50 0.04215500
897.00 0.04214600
896.50 0.04213700
896.00 0.04212800
895.50 0.04211900
895.00 0.04211000
894.50 0.04210100
894.00 0.04209200
893.50 0.04208300
893.00 0.04207400
892.50 0.04206500
892.00 0.04205600
891.50 0.04204700
891.00 0.04203800
890.50 0.04202900
890.00 0.04202000
889.50 0.04201100
889.00 0.04200200
888.50 0.04199300
888.00 0.04198400
887.50 0.04197500
887.00 0.04196600
886.50 0.04195700
886.00 0.04194800
885.50 0.04193900
885.00 0.04193000
884.50 0.04192100
884.00 0.04191200
883.50 0.04190300
883.00 0.04189400
882.50 0.04188500
882.00 0.04187600
881.50 0.04186700
881.00 0.04185800
880.50 0.04184900
880.00 0.04184000
879.50 0.04183100
879.00 0.04182200
878.50 0.04181300
878.00 0.04180400
877.50 0.04179500
877.00 0.04178600
876.50 0.04177700
876.00 0.04176800
875.50 0.04175900
875.00 0.04175000
874.50 0.04174100
874.00 0.04173200
873.50 0.04172300
873.00 0.04171400
872.50 0.04170500
872.00 0.04169600
871.50 0.04168700
871.00 0.04167800
870.50 0.04166900
870.00 0.04166000
869.50 0.04165100
869.00 0.04164200
868.50 0.04163300
868.00 0.04162400
867.50 0.04161500
867.00 0.04160600
866.50 0.04159700
866.00 0.04158800
865.50 0.04157900
865.00 0.04157000
864.50 0.04156100
864.00 0.04155200
863.50 0.04154300
863.00 0.04153400
862.50 0.04152500
862.00 0.04151600
861.50 0.04150700
861.00 0.04149800
860.50 0.04148900
860.00 0.04148000
859.50 0.04147100
859.00 0.04146200
858.50 0.04145300
858.00 0.04144400
857.50 0.04143500
857.00 0.04142600
856.50 0.04141700
856.00 0.04140800
855.50 0.04139900
855.00 0.04139000
854.50 0.04138100
854.00 0.04137200
853.50 0.04136300
853.00 0.04135400
852.50 0.04134500
852.00 0.04133600
851.50 0.04132700
851.00 0.04131800
850.50 0.04130900
850.00 0.04130000
849.50 0.04129100
849.00 0.04128200
848.50 0.04127300
848.00 0.04126400
847.50 0.04125500
847.00 0.04124600
846.50 0.04123700
846.00 0.04122800
845.50 0.04121900
845.00 0.04121000
844.50 0.04120100
844.00 0.04119200
843.50 0.04118300
843.00 0.04117400
842.50 0.04116500
842.00 0.04115600
841.50 0.04114700
841.00 0.04113800
840.50 0.04112900
840.00 0.04112000
839.50 0.04111100
839.00 0.04110200
838.50 0.04109300
838.00 0.04108400
837.50 0.04107500
837.00 0.04106600
836.50 0.04105700
836.00 0.04104800
835.50 0.04103900
835.00 0.04103000
834.50 0.04102100
834.00 0.04101200
833.50 0.04100300
833.00 0.04099400
832.50 0.04098500
832.00 0.04097600
831.50 0.04096700
831.00 0.04095800
830.50 0.04094900
830.00 0.04094000
829.50 0.04093100
829.00 0.04092200
828.50 0.04091300
828.00 0.04090400
827.50 0.04089500
827.00 0.04088600
826.50 0.04087700
826.00 0.04086800
825.50 0.04085900
825.00 0.04085000
824.50 0.04084100
824.00 0.04083200
823.50 0.04082300
823.00 0.04081400
822.50 0.04080500
822.00 0.04079600
821.50 0.04078700
821.00 0.04077800
820.50 0.04076900
820.00 0.04076000
819.50 0.04075100
819.00 0.04074200
818.50 0.04073300
818.00 0.04072400
817.50 0.04071500
817.00 0.04070600
816.50 0.04069700
816.00 0.04068800
815.50 0.04067900
815.00 0.04067000
814.50 0.04066100
814.00 0.04065200
813.50 0.04064300
813.00 0.04063400
812.50 0.04062500
812.00 0.04061600
811.50 0.04060700
811.00 0.04059800
810.50 0.04058900
810.00 0.04058000
809.50 0.04057100
809.00 0.04056200
808.50 0.04055300
808.00 0.04054400
807.50 0.04053500
807.00 0.04052600
806.50 0.04051700
806.00 0.04050800
805.50 0.04049900
805.00 0.04049000
804.50 0.04048100
804.00 0.04047200
803.50 0.04046300
803.00 0.04045400
802.50 0.04044500
802.00 0.04043600
801.50 0.04042700
801.00 0.04041800
800.50 0.04040900
800.00 0.04040000
799.50 0.04039100
799.00 0.04038200
798.50 0.04037300
798.00 0.04036400
797.50 0.04035500
797.00 0.04034600
796.50 0.04033700
796.00 0.04032800
795.50 0.04031900
795.00 0.04031000
794.50 0.04030100
794.00 0.04029200
793.50 0.04028300
793.00 0.04027400
792.50 0.04026500
792.00 0.04025600
791.50 0.04024700
791.00 0.04023800
790.50 0.04022900
790.00 0.04022000
789.50 0.04021100
789.00 0.04020200
788.50 0.04019300
788.00 0.04018400
787.50 0.04017500
787.00 0.04016600
786.50 0.04015700
786.00 0.04014800
785.50 0.04013900
785.00 0.04013000
784.50 0.04012100
784.00 0.04011200
783.50 0.04010300
783.00 0.04009400
782.50 0.04008500
782.00 0.04007600
781.50 0.04006700
781.00 0.04005800
780.50 0.04004900
780.00 0.04004000
779.50 0.04003100
779.00 0.04002200
778.50 0.04001300
778.00 0.04000400
777.50 0.03999500
777.00 0.03998600
776.50 0.03997700
776.00 0.03996800
775.50 0.03995900
775.00 0.03995000
774.50 0.03994100
774.00 0.03993200
773.50 0.03992300
773.00 0.03991400
772.50 0.03990500
772.00 0.03989600
771.50 0.03988700
771.00 0.03987800
770.50 0.03986900
770.00 0.03986000
769.50 0.03985100
769.00 0.03984200
768.50 0.03983300
768.00 0.03982400
767.50 0.03981500
767.00 0.03980600
766.50 0.03979700
766.00 0.03978800
765.50 0.03977900
765.00 0.03977000
764.50 0.03976100
764.00 0.03975200
763.50 0.03974300
763.00 0.03973400
762.50 0.03972500
762.00 0.03971600
761.50 0.03970700
761.00 0.03969800
760.50 0.03968900
760.00 0.03968000
759.50 0.03967100
759.00 0.03966200
758.50 0.03965300
758.00 0.03964400
757.50 0.03963500
757.00 0.03962600
756.50 0.03961700
756.00 0.03960800
755.50 0.03959900
755.00 0.03959000
754.50 0.03958100
754.00 0.03957200
753.50 0.03956300
753.00 0.03955400
752.50 0.03954500
752.00 0.03953600
751.50 0.03952700
751.00 0.03951800
750.50 0.03950900
750.00 0.03950000
749.50 0.03949100
749.00 0.03948200
748.50 0.03947300
748.00 0.03946400
747.50 0.03945500
747.00 0.03944600
746.50 0.03943700
746.00 0.03942800
745.50 0.03941900
745.00 0.03941000
744.50 0.03940100
744.00 0.03939200
743.50 0.03938300
743.00 0.03937400
742.50 0.03936500
742.00 0.03935600
741.50 0.03934700
741.00 0.03933800
740.50 0.03932900
740.00 0.03932000
739.50 0.03931100
739.00 0.03930200
738.50 0.03929300
738.00 0.03928400
737.50 0.03927500
737.00 0.03926600
736.50 0.03925700
736.00 0.03924800
735.50 0.03923900
735.00 0.03923000
734.50 0.03922100
734.00 0.03921200
733.50 0.03920300
733.00 0.03919400
732.50 0.03918500
732.00 0.03917600
731.50 0.03916700
731.00 0.03915800
730.50 0.03914900
730.00 0.03914000
729.50 0.03913100
729.00 0.03912200
728.50 0.03911300
728.00 0.03910400
727.50 0.03909500
727.00 0.03908600
726.50 0.03907700
726.00 0.03906800
725.50 0.03905900
725.00 0.03905000
724.50 0.03904100
724.00 0.03903200
723.50 0.03902300
723.00 0.03901400
722.50 0.03900500
722.00 0.03899600
721.50 0.03898700
721.00 0.03897800
720.50 0.03896900
720.00 0.03896000
719.50 0.03895100
719.00 0.03894200
718.50 0.03893300
718.00 0.03892400
717.50 0.03891500
717.00 0.03890600
716.50 0.03889700
716.00 0.03888800
715.50 0.03887900
715.00 0.03887000
714.50 0.03886100
714.00 0.03885200
713.50 0.03884300
713.00 0.03883400
712.50 0.03882500
712.00 0.03881600
711.50 0.03880700
711.00 0.03879800
710.50 0.03878900
710.00 0.03878000
709.50 0.03877100
709.00 0.03876200
708.50 0.03875300
708.00 0.03874400
707.50 0.03873500
707.00 0.03872600
706.50 0.03871700
706.00 0.03870800
705.50 0.03869900
705.00 0.03869000
704.50 0.03868100
704.00 0.03867200
703.50 0.03866300
703.00 0.03865400
702.50 0.03864500
702.00 0.03863600
701.50 0.03862700
701.00 0.03861800
700.50 0.03860900
700.00 0.03860000
699.50 0.03859100
699.00 0.03858200
698.50 0.03857300
698.00 0.03856400
697.50 0.03855500
697.00 0.03854600
696.50 0.03853700
696.00 0.03852800
695.50 0.03851900
695.00 0.03851000
694.50 0.03850100
694.00 0.03849200
693.50 0.03848300
693.00 0.03847400
692.50 0.03846500
692.00 0.03845600
691.50 0.03844700
691.00 0.03843800
690.50 0.03842900
690.00 0.03842000
689.50 0.03841100
689.00 0.03840200
688.50 0.03839300
688.00 0.03838400
687.50 0.03837500
687.00 0.03836600
686.50 0.03835700
686.00 0.03834800
685.50 0.03833900
685.00 0.03833000
684.50 0.03832100
684.00 0.03831200
683.50 0.03830300
683.00 0.03829400
682.50 0.03828500
682.00 0.03827600
681.50 0.03826700
681.00 0.03825800
680.50 0.03824900
680.00 0.03824000
679.50 0.03823100
679.00 0.03822200
678.50 0.03821300
678.00 0.03820400
677.50 0.03819500
677.00 0.03818600
676.50 0.03817700
676.00 0.03816800
675.50 0.03815900
675.00 0.03815000
674.50 0.03814100
674.00 0.03813200
673.50 0.03812300
673.00 0.03811400
672.50 0.03810500
672.00 0.03809600
671.50 0.03808700
671.00 0.03807800
670.50 0.03806900
670.00 0.03806000
669.50 0.03805100
669.00 0.03804200
668.50 0.03803300
668.00 0.03802400
667.50 0.03801500
667.00 0.03800600
666.50 0.03799700
666.00 0.03798800
665.50 0.03797900
665.00 0.03797000
664.50 0.03796100
664.00 0.03795200
663.50 0.03794300
663.00 0.03793400
662.50 0.03792500
662.00 0.03791600
661.50 0.03790700
661.00 0.03789800
660.50 0.03788900
660.00 0.03788000
659.50 0.03787100
659.00 0.03786200
658.50 0.03785300
658.00 0.03784400
657.50 0.03783500
657.00 0.03782600
656.50 0.03781700
656.00 0.03780800
655.50 0.03779900
655.00 0.03779000
654.50 0.03778100
654.00 0.03777200
653.50 0.03776300
653.00 0.03775400
652.50 0.03774500
652.00 0.03773600
651.50 0.03772700
651.00 0.03771800
650.50 0.03770900
650.00 0.03770000
649.50 0.03769100
649.00 0.03768200
648.50 0.03767300
648.00 0.03766400
647.50 0.03765500
647.00 0.03764600
646.50 0.03763700
646.00 0.03762800
645.50 0.03761900
645.00 0.03761000
644.50 0.03760100
644.00 0.03759200
643.50 0.03758300
643.00 0.03757400
642.50 0.03756500
642.00 0.03755600
641.50 0.03754700
641.00 0.03753800
640.50 0.03752900
640.00 0.03752000
639.50 0.03751100
639.00 0.03750200
638.50 0.03749300
638.00 0.03748400
637.50 0.03747500
637.00 0.03746600
636.50 0.03745700
636.00 0.03744800
635.50 0.03743900
635.00 0.03743000
634.50 0.03742100
634.00 0.03741200
633.50 0.03740300
633.00 0.03739400
632.50 0.03738500
632.00 0.03737600
631.50 0.03736700
631.00 0.03735800
630.50 0.03734900
630.00 0.03734000
629.50 0.03733100
629.00 0.03732200
628.50 0.03731300
628.00 0.03730400
627.50 0.03729500
627.00 0.03728600
626.50 0.03727700
626.00 0.03726800
625.50 0.03725900
625.00 0.03725000
624.50 0.03724100
624.00 0.03723200
623.50 0.03722300
623.00 0.03721400
622.50 0.03720500
622.00 0.03719600
621.50 0.03718700
621.00 0.03717800
620.50 0.03716900
620.00 0.03716000
619.50 0.03715100
619.00 0.03714200
618.50 0.03713300
618.00 0.03712400
617.50 0.03711500
617.00 0.03710600
616.50 0.03709700
616.00 0.03708800
615.50 0.03707900
615.00 0.03707000
614.50 0.03706100
614.00 0.03705200
613.50 0.03704300
613.00 0.03703400
612.50 0.03702500
612.00 0.03701600
611.50 0.03700700
611.00 0.03699800
610.50 0.03698900
610.00 0.03698000
609.50 0.03697100
609.00 0.03696200
608.50 0.03695300
608.00 0.03694400
607.50 0.03693500
607.00 0.03692600
606.50 0.03691700
606.00 0.03690800
605.50 0.03689900
605.00 0.03689000
604.50 0.03688100
604.00 0.03687200
603.50 0.03686300
603.00 0.03685400
602.50 0.03684500
602.00 0.03683600
601.50 0.03682700
601.00 0.03681800
600.50 0.03680900
600.00 0.03680000
599.50 0.03679100
599.00 0.03678200
598.50 0.03677300
598.00 0.03676400
597.50 0.03675500
597.00 0.03674600
596.50 0.03673700
596.00 0.03672800
595.50 0.03671900
595.00 0.03671000
594.50 0.03670100
594.00 0.03669200
593.50 0.03668300
593.00 0.03667400
592.50 0.03666500
592.00 0.03665600
591.50 0.03664700
591.00 0.03663800
590.50 0.03662900
590.00 0.03662000
589.50 0.03661100
589.00 0.03660200
588.50 0.03659300
588.00 0.03658400
587.50 0.03657500
587.00 0.03656600
586.50 0.03655700
586.00 0.03654800
585.50 0.03653900
585.00 0.03653000
584.50 0.03652100
584.00 0.03651200
583.50 0.03650300
583.00 0.03649400
582.50 0.03648500
582.00 0.03647600
581.50 0.03646700
581.00 0.03645800
580.50 0.03644900
580.00 0.03644000
579.50 0.03643100
579.00 0.03642200
578.50 0.03641300
578.00 0.03640400
577.50 0.03639500
577.00 0.03638600
576.50 0.03637700
576.00 0.03636800
575.50 0.03635900
575.00 0.03635000
574.50 0.03634100
574.00 0.03633200
573.50 0.03632300
573.00 0.03631400
572.50 0.03630500
572.00 0.03629600
571.50 0.03628700
571.00 0.03627800
570.50 0.03626900
570.00 0.03626000
569.50 0.03625100
569.00 0.03624200
568.50 0.03623300
568.00 0.03622400
567.50 0.03621500
567.00 0.03620600
566.50 0.03619700
566.00 0.03618800
565.50 0.03617900
565.00 0.03617000
564.50 0.03616100
564.00 0.03615200
563.50 0.03614300
563.00 0.03613400
562.50 0.03612500
562.00 0.03611600
561.50 0.03610700
561.00 0.03609800
560.50 0.03608900
560.00 0.03608000
559.50 0.03607100
559.00 0.03606200
558.50 0.03605300
558.00 0.03604400
557.50 0.03603500
557.00 0.03602600
556.50 0.03601700
556.00 0.03600800
555.50 0.03599900
555.00 0.03599000
554.50 0.03598100
554.00 0.03597200
553.50 0.03596300
553.00 0.03595400
552.50 0.03594500
552.00 0.03593600
551.50 0.03592700
551.00 0.03591800
550.50 0.03590900
550.00 0.03590000
549.50 0.03589100
549.00 0.03588200
548.50 0.03587300
548.00 0.03586400
547.50 0.03585500
547.00 0.03584600
546.50 0.03583700
546.00 0.03582800
545.50 0.03581900
545.00 0.03581000
544.50 0.03580100
544.00 0.03579200
543.50 0.03578300
543.00 0.03577400
542.50 0.03576502
542.00 0.03575611
541.50 0.03574747
541.00 0.03573986
540.50 0.03573585
540.00 0.03574338
539.50 0.03578480
539.00 0.03591771
538.50 0.03627664
538.00 0.03714590
537.50 0.03906486
537.00 0.04294270
536.50 0.05011728
536.00 0.06224965
535.50 0.08094233
535.00 0.10705354
534.50 0.13986288
534.00 0.17645417
533.50 0.21176523
533.00 0.23957162
532.50 0.25423116
532.00 0.25254157
531.50 0.23487714
531.00 0.20505328
530.50 0.16898575
530.00 0.13278850
529.50 0.10114250
529.00 0.07650150
528.50 0.05920725
528.00 0.04818662
527.50 0.04177941
527.00 0.03836877
526.50 0.03670118
526.00 0.03594925
525.50 0.03563414
525.00 0.03550900
524.50 0.03545940
524.00 0.03543731
523.50 0.03542442
523.00 0.03541435
522.50 0.03540508
522.00 0.03539602
521.50 0.03538700
521.00 0.03537800
520.50 0.03536900
520.00 0.03536000
519.50 0.03535100
519.00 0.03534200
518.50 0.03533300
518.00 0.03532400
517.50 0.03531500
517.00 0.03530600
516.50 0.03529700
516.00 0.03528800
515.50 0.03527900
515.00 0.03527000
514.50 0.03526100
514.00 0.03525200
513.50 0.03524300
513.00 0.03523400
512.50 0.03522500
512.00 0.03521600
511.50 0.03520700
511.00 0.03519800
510.50 0.03518900
510.00 0.03518000
509.50 0.03517100
509.00 0.03516200
508.50 0.03515300
508.00 0.03514400
507.50 0.03513500
507.00 0.03512600
506.50 0.03511700
506.00 0.03510800
505.50 0.03509900
505.00 0.03509000
504.50 0.03508100
504.00 0.03507200
503.50 0.03506300
503.00 0.03505400
502.50 0.03504500
502.00 0.03503600
501.50 0.03502700
501.00 0.03501800
500.50 0.03500900
500.00 0.03500000
499.50 0.03499100
499.00 0.03498200
498.50 0.03497300
498.00 0.03496400
497.50 0.03495500
497.00 0.03494600
496.50 0.03493700
496.00 0.03492800
495.50 0.03491900
495.00 0.03491000
494.50 0.03490100
494.00 0.03489200
493.50 0.03488300
493.00 0.03487400
492.50 0.03486500
492.00 0.03485600
491.50 0.03484700
491.00 0.03483800
490.50 0.03482900
490.00 0.03482000
489.50 0.03481100
489.00 0.03480200
488.50 0.03479300
488.00 0.03478400
487.50 0.03477500
487.00 0.03476600
486.50 0.03475700
486.00 0.03474800
485.50 0.03473900
485.00 0.03473000
484.50 0.03472100
484.00 0.03471200
483.50 0.03470300
483.00 0.03469400
482.50 0.03468500
482.00 0.03467600
481.50 0.03466700
481.00 0.03465800
480.50 0.03464900
480.00 0.03464000
479.50 0.03463100
479.00 0.03462200
478.50 0.03461300
478.00 0.03460400
477.50 0.03459500
477.00 0.03458600
476.50 0.03457700
476.00 0.03456800
475.50 0.03455900
475.00 0.03455000
474.50 0.03454100
474.00 0.03453200
473.50 0.03452300
473.00 0.03451400
472.50 0.03450500
472.00 0.03449600
471.50 0.03448700
471.00 0.03447800
470.50 0.03446900
470.00 0.03446000
469.50 0.03445100
469.00 0.03444200
468.50 0.03443300
468.00 0.03442400
467.50 0.03441500
467.00 0.03440600
466.50 0.03439700
466.00 0.03438800
465.50 0.03437900
465.00 0.03437000
464.50 0.03436100
464.00 0.03435200
463.50 0.03434300
463.00 0.03433400
462.50 0.03432500
462.00 0.03431600
461.50 0.03430700
461.00 0.03429800
460.50 0.03428900
460.00 0.03428000
459.50 0.03427100
459.00 0.03426200
458.50 0.03425300
458.00 0.03424400
457.50 0.03423500
457.00 0.03422600
456.50 0.03421700
456.00 0.03420800
455.50 0.03419900
455.00 0.03419000
454.50 0.03418100
454.00 0.03417200
453.50 0.03416300
453.00 0.03415400
452.50 0.03414500
452.00 0.03413600
451.50 0.03412700
451.00 0.03411800
450.50 0.03410900
450.00 0.03410000
449.50 0.03409100
449.00 0.03408200
448.50 0.03407300
448.00 0.03406400
447.50 0.03405500
447.00 0.03404600
446.50 0.03403700
446.00 0.03402800
445.50 0.03401900
445.00 0.03401000
444.50 0.03400100
444.00 0.03399200
443.50 0.03398300
443.00 0.03397400
442.50 0.03396500
442.00 0.03395600
441.50 0.03394700
441.00 0.03393800
440.50 0.03392900
440.00 0.03392000
439.50 0.03391100
439.00 0.03390200
438.50 0.03389300
438.00 0.03388400
437.50 0.03387500
437.00 0.03386600
436.50 0.03385700
436.00 0.03384800
435.50 0.03383900
435.00 0.03383000
434.50 0.03382100
434.00 0.03381200
433.50 0.03380300
433.00 0.03379400
432.50 0.03378500
432.00 0.03377600
431.50 0.03376700
431.00 0.03375800
430.50 0.03374900
430.00 0.03374000
429.50 0.03373100
429.00 0.03372200
428.50 0.03371300
428.00 0.03370400
427.50 0.03369500
427.00 0.03368600
426.50 0.03367700
426.00 0.03366800
425.50 0.03365900
425.00 0.03365000
424.50 0.03364100
424.00 0.03363200
423.50 0.03362300
423.00 0.03361400
422.50 0.03360500
422.00 0.03359600
421.50 0.03358700
421.00 0.03357800
420.50 0.03356900
420.00 0.03356000
419.50 0.03355100
419.00 0.03354200
418.50 0.03353300
418.00 0.03352400
417.50 0.03351500
417.00 0.03350600
416.50 0.03349700
416.00 0.03348800
415.50 0.03347900
415.00 0.03347000
414.50 0.03346100
414.00 0.03345200
413.50 0.03344300
413.00 0.03343400
412.50 0.03342500
412.00 0.03341600
411.50 0.03340700
411.00 0.03339800
410.50 0.03338900
410.00 0.03338000
409.50 0.03337100
409.00 0.03336200
408.50 0.03335300
408.00 0.03334400
407.50 0.03333500
407.00 0.03332600
406.50 0.03331700
406.00 0.03330800
405.50 0.03329900
405.00 0.03329000
404.50 0.03328100
404.00 0.03327200
403.50 0.03326300
403.00 0.03325400
402.50 0.03324500
402.00 0.03323600
401.50 0.03322700
401.00 0.03321800
400.50 0.03320900
400.00 0.03320000
399.50 0.03319100
399.00 0.03318200
398.50 0.03317300
398.00 0.03316400
397.50 0.03315500
397.00 0.03314600
396.50 0.03313700
396.00 0.03312800
395.50 0.03311900
395.00 0.03311000
394.50 0.03310100
394.00 0.03309200
393.50 0.03308300
393.00 0.03307400
392.50 0.03306500
392.00 0.03305600
391.50 0.03304700
391.00 0.03303800
390.50 0.03302900
390.00 0.03302000
389.50 0.03301100
389.00 0.03300200
388.50 0.03299300
388.00 0.03298400
387.50 0.03297500
387.00 0.03296600
386.50 0.03295700
386.00 0.03294800
385.50 0.03293900
385.00 0.03293000
384.50 0.03292100
384.00 0.03291200
383.50 0.03290300
383.00 0.03289400
382.50 0.03288500
382.00 0.03287600
381.50 0.03286700
381.00 0.03285800
380.50 0.03284900
380.00 0.03284000
379.50 0.03283100
379.00 0.03282200
378.50 0.03281300
378.00 0.03280400
377.50 0.03279500
377.00 0.03278600
376.50 0.03277700
376.00 0.03276800
375.50 0.03275900
375.00 0.03275000
374.50 0.03274100
374.00 0.03273200
373.50 0.03272300
373.00 0.03271400
372.50 0.03270500
372.00 0.03269600
371.50 0.03268700
371.00 0.03267800
370.50 0.03266900
370.00 0.03266000
369.50 0.03265100
369.00 0.03264200
368.50 0.03263300
368.00 0.03262400
367.50 0.03261500
367.00 0.03260600
366.50 0.03259700
366.00 0.03258800
365.50 0.03257900
365.00 0.03257000
364.50 0.03256100
364.00 0.03255200
363.50 0.03254300
363.00 0.03253400
362.50 0.03252500
362.00 0.03251600
361.50 0.03250700
361.00 0.03249800
360.50 0.03248900
360.00 0.03248000
359.50 0.03247100
359.00 0.03246200
358.50 0.03245300
358.00 0.03244400
357.50 0.03243500
357.00 0.03242600
356.50 0.03241700
356.00 0.03240800
355.50 0.03239900
355.00 0.03239000
354.50 0.03238100
354.00 0.03237200
353.50 0.03236300
353.00 0.03235400
352.50 0.03234500
352.00 0.03233600
351.50 0.03232700
351.00 0.03231800
350.50 0.03230900
350.00 0.03230000
349.50 0.03229100
349.00 0.03228200
348.50 0.03227300
348.00 0.03226400
347.50 0.03225500
347.00 0.03224600
346.50 0.03223700
346.00 0.03222800
345.50 0.03221900
345.00 0.03221000
344.50 0.03220100
344.00 0.03219200
343.50 0.03218300
343.00 0.03217400
342.50 0.03216500
342.00 0.03215600
341.50 0.03214700
341.00 0.03213800
340.50 0.03212900
340.00 0.03212000
339.50 0.03211100
339.00 0.03210200
338.50 0.03209300
338.00 0.03208400
337.50 0.03207500
337.00 0.03206600
336.50 0.03205700
336.00 0.03204800
335.50 0.03203900
335.00 0.03203000
334.50 0.03202100
334.00 0.03201200
333.50 0.03200300
333.00 0.03199400
332.50 0.03198500
332.00 0.03197600
331.50 0.03196700
331.00 0.03195800
330.50 0.03194900
330.00 0.03194000
329.50 0.03193100
329.00 0.03192200
328.50 0.03191300
328.00 0.03190400
327.50 0.03189500
327.00 0.03188600
326.50 0.03187700
326.00 0.03186800
325.50 0.03185900
325.00 0.03185000
324.50 0.03184100
324.00 0.03183200
323.50 0.03182300
323.00 0.03181400
322.50 0.03180500
322.00 0.03179600
321.50 0.03178700
321.00 0.03177800
320.50 0.03176900
320.00 0.03176000
319.50 0.03175100
319.00 0.03174200
318.50 0.03173300
318.00 0.03172400
317.50 0.03171500
317.00 0.03170600
316.50 0.03169700
316.00 0.03168800
315.50 0.03167900
315.00 0.03167000
314.50 0.03166100
314.00 0.03165200
313.50 0.03164300
313.00 0.03163400
312.50 0.03162500
312.00 0.03161600
311.50 0.03160700
311.00 0.03159800
310.50 0.03158900
310.00 0.03158000
309.50 0.03157100
309.00 0.03156200
308.50 0.03155300
308.00 0.03154400
307.50 0.03153500
307.00 0.03152600
306.50 0.03151700
306.00 0.03150800
305.50 0.03149900
305.00 0.03149000
304.50 0.03148100
304.00 0.03147200
303.50 0.03146300
303.00 0.03145400
302.50 0.03144500
302.00 0.03143600
301.50 0.03142700
301.00 0.03141800
300.50 0.03140900
300.00 0.03140000
299.50 0.03139100
299.00 0.03138200
298.50 0.03137300
298.00 0.03136400
297.50 0.03135500
297.00 0.03134600
296.50 0.03133700
296.00 0.03132800
295.50 0.03131900
295.00 0.03131000
294.50 0.03130101
294.00 0.03129205
293.50 0.03128330
293.00 0.03127549
292.50 0.03127171
292.00 0.03128296
291.50 0.03134412
291.00 0.03155201
290.50 0.03214194
290.00 0.03361326
289.50 0.03688932
289.00 0.04345280
288.50 0.05534976
288.00 0.07491717
287.50 0.10405780
287.00 0.14293354
286.50 0.18829195
286.00 0.23240292
285.50 0.26417418
285.00 0.27322448
284.50 0.25525343
284.00 0.21501518
283.50 0.16426837
283.00 0.11592103
282.50 0.07851095
282.00 0.05430970
281.50 0.04102872
281.00 0.03479318
280.50 0.03227309
280.00 0.03139051
279.50 0.03111868
279.00 0.03104116
278.50 0.03101666
278.00 0.03100461
277.50 0.03099509
277.00 0.03098601
276.50 0.03097700
276.00 0.03096800
275.50 0.03095900
275.00 0.03095000
274.50 0.03094100
274.00 0.03093200
273.50 0.03092300
273.00 0.03091400
272.50 0.03090500
272.00 0.03089600
271.50 0.03088700
271.00 0.03087800
270.50 0.03086900
270.00 0.03086000
269.50 0.03085100
269.00 0.03084200
268.50 0.03083300
268.00 0.03082400
267.50 0.03081500
267.00 0.03080600
266.50 0.03079700
266.00 0.03078800
265.50 0.03077900
265.00 0.03077000
264.50 0.03076100
264.00 0.03075200
263.50 0.03074300
263.00 0.03073400
262.50 0.03072500
262.00 0.03071600
261.50 0.03070700
261.00 0.03069800
260.50 0.03068900
260.00 0.03068000
259.50 0.03067100
259.00 0.03066200
258.50 0.03065300
258.00 0.03064400
257.50 0.03063500
257.00 0.03062600
256.50 0.03061700
256.00 0.03060800
255.50 0.03059900
255.00 0.03059000
254.50 0.03058100
254.00 0.03057200
253.50 0.03056300
253.00 0.03055400
252.50 0.03054500
252.00 0.03053600
251.50 0.03052700
251.00 0.03051800
250.50 0.03050900
250.00 0.03050000
249.50 0.03049100
249.00 0.03048200
248.50 0.03047300
248.00 0.03046400
247.50 0.03045500
247.00 0.03044600
246.50 0.03043700
246.00 0.03042800
245.50 0.03041900
245.00 0.03041000
244.50 0.03040100
244.00 0.03039200
243.50 0.03038300
243.00 0.03037400
242.50 0.03036500
242.00 0.03035600
241.50 0.03034700
241.00 0.03033800
240.50 0.03032900
240.00 0.03032000
239.50 0.03031100
239.00 0.03030200
238.50 0.03029300
238.00 0.03028400
237.50 0.03027500
237.00 0.03026600
236.50 0.03025700
236.00 0.03024800
235.50 0.03023900
235.00 0.03023000
234.50 0.03022100
234.00 0.03021200
233.50 0.03020300
233.00 0.03019400
232.50 0.03018500
232.00 0.03017600
231.50 0.03016700
231.00 0.03015800
230.50 0.03014900
230.00 0.03014000
229.50 0.03013100
229.00 0.03012200
228.50 0.03011300
228.00 0.03010400
227.50 0.03009500
227.00 0.03008600
226.50 0.03007700
226.00 0.03006800
225.50 0.03005900
225.00 0.03005000
224.50 0.03004100
224.00 0.03003200
223.50 0.03002300
223.00 0.03001400
222.50 0.03000500
222.00 0.02999600
221.50 0.02998700
221.00 0.02997800
220.50 0.02996900
220.00 0.02996000
219.50 0.02995100
219.00 0.02994200
218.50 0.02993300
218.00 0.02992400
217.50 0.02991500
217.00 0.02990600
216.50 0.02989700
216.00 0.02988800
215.50 0.02987900
215.00 0.02987000
214.50 0.02986100
214.00 0.02985200
213.50 0.02984300
213.00 0.02983400
212.50 0.02982500
212.00 0.02981600
211.50 0.02980700
211.00 0.02979800
210.50 0.02978900
210.00 0.02978000
209.50 0.02977100
209.00 0.02976200
208.50 0.02975300
208.00 0.02974400
207.50 0.02973500
207.00 0.02972600
206.50 0.02971700
206.00 0.02970800
205.50 0.02969900
205.00 0.02969000
204.50 0.02968100
204.00 0.02967200
203.50 0.02966300
203.00 0.02965400
202.50 0.02964500
202.00 0.02963600
201.50 0.02962700
201.00 0.02961800
200.50 0.02960900
200.00 0.02960000
199.50 0.02959100
199.00 0.02958200
198.50 0.02957300
198.00 0.02956400
197.50 0.02955500
197.00 0.02954600
196.50 0.02953700
196.00 0.02952800
195.50 0.02951900
195.00 0.02951000
194.50 0.02950100
194.00 0.02949200
193.50 0.02948300
193.00 0.02947400
192.50 0.02946500
192.00 0.02945600
191.50 0.02944700
191.00 0.02943800
190.50 0.02942900
190.00 0.02942000
189.50 0.02941100
189.00 0.02940200
188.50 0.02939300
188.00 0.02938400
187.50 0.02937500
187.00 0.02936600
186.50 0.02935700
186.00 0.02934800
185.50 0.02933900
185.00 0.02933000
184.50 0.02932100
184.00 0.02931200
183.50 0.02930300
183.00 0.02929400
182.50 0.02928500
182.00 0.02927600
181.50 0.02926700
181.00 0.02925800
180.50 0.02924900
180.00 0.02924000
179.50 0.02923100
179.00 0.02922200
178.50 0.02921300
178.00 0.02920400
177.50 0.02919500
177.00 0.02918600
176.50 0.02917700
176.00 0.02916800
175.50 0.02915900
175.00 0.02915000
174.50 0.02914100
174.00 0.02913200
173.50 0.02912300
173.00 0.02911400
172.50 0.02910500
172.00 0.02909600
171.50 0.02908700
171.00 0.02907800
170.50 0.02906900
170.00 0.02906000
169.50 0.02905100
169.00 0.02904200
168.50 0.02903300
168.00 0.02902400
167.50 0.02901500
167.00 0.02900600
166.50 0.02899700
166.00 0.02898800
165.50 0.02897900
165.00 0.02897000
164.50 0.02896100
164.00 0.02895200
163.50 0.02894300
163.00 0.02893400
162.50 0.02892500
162.00 0.02891600
161.50 0.02890700
161.00 0.02889800
160.50 0.02888900
160.00 0.02888000
159.50 0.02887100
159.00 0.02886200
158.50 0.02885300
158.00 0.02884400
157.50 0.02883500
157.00 0.02882600
156.50 0.02881700
156.00 0.02880800
155.50 0.02879900
155.00 0.02879000
154.50 0.02878100
154.00 0.02877200
153.50 0.02876300
153.00 0.02875400
152.50 0.02874500
152.00 0.02873600
151.50 0.02872700
151.00 0.02871800
150.50 0.02870900
150.00 0.02870000
149.50 0.02869100
149.00 0.02868200
148.50 0.02867300
148.00 0.02866400
147.50 0.02865500
147.00 0.02864600
146.50 0.02863700
146.00 0.02862800
145.50 0.02861900
145.00 0.02861000
144.50 0.02860100
144.00 0.02859200
143.50 0.02858300
143.00 0.02857400
142.50 0.02856500
142.00 0.02855600
141.50 0.02854700
141.00 0.02853800
140.50 0.02852900
140.00 0.02852000
139.50 0.02851100
139.00 0.02850200
138.50 0.02849300
138.00 0.02848400
137.50 0.02847500
137.00 0.02846600
136.50 0.02845700
136.00 0.02844800
135.50 0.02843900
135.00 0.02843000
134.50 0.02842100
134.00 0.02841200
133.50 0.02840300
133.00 0.02839400
132.50 0.02838500
132.00 0.02837600
131.50 0.02836700
131.00 0.02835800
130.50 0.02834900
130.00 0.02834000
129.50 0.02833100
129.00 0.02832200
128.50 0.02831300
128.00 0.02830400
127.50 0.02829500
127.00 0.02828600
126.50 0.02827700
126.00 0.02826800
125.50 0.02825900
125.00 0.02825000
124.50 0.02824100
124.00 0.02823200
123.50 0.02822300
123.00 0.02821400
122.50 0.02820500
122.00 0.02819600
121.50 0.02818700
121.00 0.02817800
120.50 0.02816900
120.00 0.02816000
119.50 0.02815100
119.00 0.02814200
118.50 0.02813300
118.00 0.02812400
117.50 0.02811500
117.00 0.02810600
116.50 0.02809700
116.00 0.02808800
115.50 0.02807900
115.00 0.02807000
114.50 0.02806100
114.00 0.02805200
113.50 0.02804300
113.00 0.02803400
112.50 0.02802500
112.00 0.02801600
111.50 0.02800700
111.00 0.02799800
110.50 0.02798901
110.00 0.02798013
109.50 0.02797212
109.00 0.02797023
108.50 0.02800396
108.00 0.02820915
107.50 0.02909478
107.00 0.03219044
106.50 0.04109808
106.00 0.06215653
105.50 0.10270466
105.00 0.16524003
104.50 0.23987584
104.00 0.30293267
103.50 0.32789880
103.00 0.30315602
102.50 0.24114968
102.00 0.17063360
101.50 0.12027275
101.00 0.10655250
100.50 0.12836199
100.00 0.16570767
99.50 0.18815277
99.00 0.17574576
98.50 0.13454025
98.00 0.08782201
97.50 0.05407203
97.00 0.03672769
96.50 0.03012434
96.00 0.02822220
95.50 0.02779867
95.00 0.02772000
94.50 0.02770198
94.00 0.02769207
93.50 0.02768300
93.00 0.02767400
92.50 0.02766500
92.00 0.02765600
91.50 0.02764700
91.00 0.02763800
90.50 0.02762900
90.00 0.02762000
89.50 0.02761100
89.00 0.02760200
88.50 0.02759300
88.00 0.02758400
87.50 0.02757500
87.00 0.02756600
86.50 0.02755700
86.00 0.02754800
85.50 0.02753900
85.00 0.02753000
84.50 0.02752100
84.00 0.02751200
83.50 0.02750300
83.00 0.02749400
82.50 0.02748500
82.00 0.02747600
81.50 0.02746700
81.00 0.02745800
80.50 0.02744900
80.00 0.02744000
79.50 0.02743100
79.00 0.02742200
78.50 0.02741300
78.00 0.02740400
77.50 0.02739500
77.00 0.02738600
76.50 0.02737700
76.00 0.02736800
75.50 0.02735900
75.00 0.02735000
74.50 0.02734100
74.00 0.02733200
73.50 0.02732300
73.00 0.02731400
72.50 0.02730500
72.00 0.02729600
71.50 0.02728700
71.00 0.02727800
70.50 0.02726900
70.00 0.02726000
69.50 0.02725100
69.00 0.02724200
68.50 0.02723300
68.00 0.02722400
67.50 0.02721500
67.00 0.02720600
66.50 0.02719700
66.00 0.02718800
65.50 0.02717900
65.00 0.02717000
64.50 0.02716100
64.00 0.02715200
63.50 0.02714300
63.00 0.02713400
62.50 0.02712500
62.00 0.02711600
61.50 0.02710700
61.00 0.02709800
60.50 0.02708900
60.00 0.02708000
59.50 0.02707100
59.00 0.02706200
58.50 0.02705300
58.00 0.02704400
57.50 0.02703500
57.00 0.02702600
56.50 0.02701700
56.00 0.02700800
55.50 0.02699900
55.00 0.02699000
54.50 0.02698100
54.00 0.02697200
53.50 0.02696300
53.00 0.02695400
52.50 0.02694500
52.00 0.02693600
51.50 0.02692700
51.00 0.02691800
50.50 0.02690900
50.00 0.02690000
49.50 0.02689100
49.00 0.02688200
48.50 0.02687300
48.00 0.02686400
47.50 0.02685500
47.00 0.02684600
46.50 0.02683700
46.00 0.02682800
45.50 0.02681900
45.00 0.02681000
44.50 0.02680100
44.00 0.02679200
43.50 0.02678300
43.00 0.02677400
42.50 0.02676500
42.00 0.02675600
41.50 0.02674700
41.00 0.02673800
40.50 0.02672900
40.00 0.02672000
39.50 0.02671100
39.00 0.02670200
38.50 0.02669300
38.00 0.02668400
37.50 0.02667500
37.00 0.02666600
36.50 0.02665700
36.00 0.02664800
35.50 0.02663900
35.00 0.02663000
34.50 0.02662100
34.00 0.02661200
33.50 0.02660300
33.00 0.02659400
32.50 0.02658500
32.00 0.02657600
31.50 0.02656700
31.00 0.02655800
30.50 0.02654900
30.00 0.02654000
29.50 0.02653100
29.00 0.02652200
28.50 0.02651300
28.00 0.02650400
27.50 0.02649500
27.00 0.02648600
26.50 0.02647700
26.00 0.02646800
25.50 0.02645900
25.00 0.02645000
24.50 0.02644100
24.00 0.02643200
23.50 0.02642300
23.00 0.02641400
22.50 0.02640500
22.00 0.02639600
21.50 0.02638700
21.00 0.02637800
20.50 0.02636900
20.00 0.02636000
19.50 0.02635100
19.00 0.02634200
18.50 0.02633300
18.00 0.02632400
17.50 0.02631500
17.00 0.02630600
16.50 0.02629700
16.00 0.02628800
15.50 0.02627900
15.00 0.02627000
14.50 0.02626100
14.00 0.02625200
13.50 0.02624300
13.00 0.02623400
12.50 0.02622500
12.00 0.02621600
11.50 0.02620700
11.00 0.02619800
10.50 0.02618900
10.00 0.02618000
9.50 0.02617100
9.00 0.02616200
8.50 0.02615300
8.00 0.02614400
7.50 0.02613500
7.00 0.02612600
6.50 0.02611700
6.00 0.02610800
5.50 0.02609900
5.00 0.02609000
4.50 0.02608100
4.00 0.02607200
3.50 0.02606300
3.00 0.02605400
2.50 0.02604500
2.00 0.02603600
1.50 0.02602700
1.00 0.02601800
0.50 0.02600900
